Epoch: 0  
Beanbags:      12.6880282486518681 
Dimetrodon:    12.7844115001515313 
DogDance:      12.9961113743484908 
Grove2:        13.9304508624018908 
Grove3:        13.5395095191181127 
Hydrangea:     13.8500331922562303 
MiniCooper:    10.8842638358326589 
RubberWhale:   11.8910077060530046 
Urban2:        19.0460861194156159 
Urban3:        17.2809584833176153 
Venus:         14.0538378053744175 
Walking:       12.9250654501436273 
Average:       13.8224803414220876 
